0.643733773849231
0.23784948229319175
-1.6374833308748338
-1.286940690680489
-0.04649958739120737
-1.7858856198129798
-1.7001337739166462
2.4144281387004742
2.702643243960348
-0.7199441970573636
2.50073531486668
-2.051881709754919
-1.3701886167745292
-1.3562703357240433
2.822208762601635
-0.2306219122584683
-4.3796929847088935
0.13821483512507865
0.010053232757271985
0.7679292616849682
-1.428051272586819
-0.5862906919165352
-0.2613431243969134
-1.3890467583843382
-1.7321771301484683
-1.3633346630020164
-1.6463639509342036
-1.9463668998268813
1.39143469621477
0.20442017786076888
0.4509247366340064
0.5765293717761164
-1.170473264855834
-1.1614366947919812
-0.499357696739143
-1.1027410888297058
0.5185639653603571
-1.1644689937314638
-2.7200844536638358
4.002268557569211
1.352623518011255
-1.4660814294941777
1.1556944712697583
0.8067690167709262
-1.6013364811038613
-0.9764783177815743
-2.0601069028764822
-0.36041417149852073
