0.3769949395611876
-1.3612335823290307
-0.17602449245458446
-0.4675454460492779
0.0549402988250734
-1.5504415336397654
-0.5947960667623707
0.3883199668659979
0.2272714011410751
-0.316079324641347
0.5856039773592112
-0.5576436212585792
-0.47687664335348195
-0.8084928894266926
-0.7529495150387111
-0.772845613944594
0.12558265792713602
0.8114380912537934
-0.369785257060418
0.8449830105904117
1.0202883665810958
-0.1274259626310499
-0.19755831383280795
-0.6871578387477336
-0.057657535942756306
1.1675155096070886
-0.34322779709461887
0.19813831797894518
0.010418004025220005
0.5552351776131831
0.5233884837239355
-0.05087257687140157
-0.15099265001403026
0.3531899638483823
0.7201941276828974
-0.6148679086140159
-0.9648551847360012
0.6442559179959413
-0.8535061808364593
-0.5742075636612594
-0.05426033983121658
0.28961367112603
0.2625350407997898
0.49374258937618637
1.101557136136406
-0.3517780991986352
-0.21339801443809575
-0.5259609917555436
-0.32102186471297567
-0.6100981791580034
-0.28668129046420365
-0.7622771551388698
0.3412109290587877
0.38945079851761766
0.4516602756276097
0.5338461462613789
0.4348478889672859
-0.1156967767709908
0.1929568535276175
0.963331054957911
0.15368998778033627
0.32909895646114956
1.153377387443604
-0.20778804631196593
0.9060910264456845
-0.16814492389482577
0.7710312307519547
-0.8432388604034378
-0.22349528358075504
0.034667160426928946
-0.5445882698146696
0.7440504811763984
-0.1366597464250513
-0.84591047121308
0.1237144852112186
-0.9642669336678282
0.2917582304583241
-0.680847726156766
-0.10557411116430677
-0.6837201013027246
0.8631498117494362
-0.09923773805483656
0.6668792727175175
-0.017578272503415468
-0.31845798599617303
0.6699299783451682
-0.4232617829819073
-0.44491904724281317
0.12437833954920094
-0.10256012015774
0.6143953111419286
0.2836751694475007
-0.8070614989493576
-0.05809624882935833
-0.9625839769041723
0.7001139113668206
-0.45880971708660373
0.13893406982304027
-0.6512721328047895
0.7582354419735604
-0.6997652632512017
-0.6963922229686674
-0.7222772543160895
-0.30303720370821585
-0.3416684013494408
-0.12217200810630711
0.8893995023126683
0.2218200736593738
0.23834632518533358
-0.4403092638463716
0.30831213576481525
0.16921718522557108
-1.0486375666925003
-0.1187912382772366
0.03679904621288903
0.631017358544864
-0.5422828021549172
0.5515453726947096
1.658437908125918
0.3745422239867561
0.4246786094926018
-0.46028909135940105
0.6179864030996832
0.8932833871235912
0.8415900952704792
0.3733396939108426
0.13989924448661975
-0.31500494470634105
0.35759156300410927
-0.06187890599991655
-0.8244547674937168
-0.7843551908426813
-0.4145490279691419
1.57571995508635
-1.2343453375045776
0.9349520069225116
-0.31407260253170594
-0.346749348095044
0.24906280842005676
0.5561508069043606
-0.9752980024677071
-0.198441093042619
1.010266924964252
-0.8685597414237509
0.3601206275866222
-0.5857684932926432
-0.4176054713691914
0.36319514392876795
-0.10166463297226805
-0.17450255519443578
0.3482314712780452
0.016469502345303217
-0.1915072297403109
0.5873203446242115
-0.5440286787834685
-0.49461489940249465
-0.1561060545912168
-1.0197718232365587
-0.6627849232966421
-0.28807975509780837
-1.3495991109086447
-1.6880220266521628
0.05110709977628503
0.7200930030677568
0.7957360522011419
-0.2129645333758349
0.5087051327947885
0.21857475849881675
1.3884579213929191
0.3893973821628588
-0.6391165926245487
1.1113150685381923
-0.7430570521147678
0.22890793319799962
-0.45043462459615546
-0.3267406192820441
0.764616387991005
-0.46358577173724724
-0.6088469170317854
-0.12487699394190899
0.8829373303853164
-0.4811964667578366
-0.6303122841926858
0.2478730423686892
-0.38739060191770874
0.3340707675731111
-1.0139760230737642
-0.7638834358840565
-0.11039900533255934
0.9262222821540945
-0.5719610269051513
-0.7768120221186218
0.19230858442186685
-0.01840685333913466
-1.3799864755432643
-0.5762584555377668
-0.5827468770036789
-0.900847096453901
0.2547291029675704
0.5180252675126583
-0.09786818003120527
0.5485179957178011
-1.766577575279008
0.08759346734183161
0.008731230521867315
-0.1741760915660331
0.5237144192662582
0.3520427528155465
0.4067758598793954
-0.4302600386188565
0.0849302220560884
-1.374382353921458
-0.439538964414094
-0.38628057448018277
0.36671553020716363
-0.8275272908155981
0.9899919772459784
-0.0760609612533633
-0.9256973636721308
-0.9582963483788228
-0.5703943263241886
-0.528979323878139
0.1354130117392364
-0.9591600620218512
-0.8364020381158704
0.9323336270392385
-1.2578697205902976
-0.5081476472399671
0.4299750366029978
-0.2641127270152952
-0.5831690543485509
-0.8771245662279036
0.40277468637680086
-0.9198389712683696
0.2223716427396679
0.5394735590912285
0.6883307554960064
-0.20305567861882612
0.3441653617253198
0.3047756967387946
0.4391309262028556
0.7093529739550354
-0.24917216777054363
1.6577886354817422
0.26976180013905554
0.33396047394298756
0.340399320602313
-0.8878050300815931
-0.35175736578569045
-0.7929292699948419
-0.730915485372021
1.52395086323647
0.37817199045658617
0.675170232322276
0.06516846904139616
-0.034754350118413144
-1.2873171630357023
-0.8000510512425739
0.4238627960311764
0.8535259639275731
0.6838291360844078
-0.22219414426581835
0.17309705053369848
0.9121685303265872
0.6301558491403723
-0.8440949341432875
0.4646683321569041
0.3004246387761865
-0.20627727039804467
0.06387000242205816
-0.4463701977916811
-0.5619459201816034
0.8653070453044642
0.21747638640561567
-0.7524522600746175
1.5982245233037287
-0.27376418948339704
0.1534849537757548
-0.662584073206846
0.15514786649656884
-0.8503798066704505
-0.029366035787254784
-0.1340188901096558
-0.40728905972486745
-0.9613158721564464
0.020662643431871033
-1.8256193721482334
0.27573083193076053
-0.2886353630461624
-0.06028446073726194
-0.3770704560901379
1.0213259797611784
0.5119361288919742
0.7931813275695928
0.9193550881242138
-1.4953926505209172
-1.2279601327130534
-1.1203819286906758
-0.3866119675549778
0.8757004062860722
1.0520841623014938
-0.17355199531636484
0.33913486107622
1.0821394869977614
0.09827443922686442
0.28911637277696767
0.6620584480450651
0.7641176986512269
-0.5481705944508483
-0.22326081761573935
0.4354511104309694
0.4930075622801653
0.25749919077951877
-0.0791087358567435
0.8043424617863847
0.5692176320710526
0.9347146419363906
0.3339407683644417
-0.052576052379880674
-0.8056952344626296
-0.6400090155175284
-0.6666008475273746
0.19414506249032235
-0.3492762204760231
0.2706032291421659
-0.4540121440170796
0.8597797433340352
0.5082677219883001
-0.4934490913562471
0.28527004883446244
0.5650421854913684
-0.4683616955054135
0.31417196079361526
-0.150050103664522
-0.14311421645201103
0.5429342614747276
0.697448842371829
0.18912050074487038
0.493537399339512
0.3400292801667186
0.7315517657498367
0.7837375206956122
-0.48785868570232754
-0.6094724864643924
0.5790128863176852
0.5379789534839909
0.35241270295928856
0.43236449140166056
1.0710166792596203
-0.029470507636216496
0.42541965304857154
-1.1875972772443881
0.18340558371194435
0.2520835382015817
0.057579839948858985
0.8221363259392398
0.357366271358192
0.7112742353206193
0.3623553214829626
-0.2749514450787768
-1.395751453981568
1.1832700618348313
1.832745734071128
1.299033693414068
2.2543062398580456
0.9120807924018186
1.5000799329419365
-0.7493539894807464
-0.2585036907484883
-0.0936503553925215
-0.25237403493448096
0.4942802648949583
1.532101123272265
1.4333040659910299
0.22887123397461387
-0.4281564387802615
0.6398794039781706
-1.4115520593298665
1.1206592226717667
0.042096172833553436
0.35338664766080924
-0.11358861132880373
0.8210704841937104
0.5472286601924604
0.46620889660163783
-0.14342798151698546
-0.8231062709905027
1.107455047061999
0.5952480241954982
0.47996211059848837
0.6667458454879769
0.6979011620693915
0.41710192787037526
-0.09484010127148665
-0.0562034345434891
-1.177403882270371
-0.5158536428261834
-0.5024088609019409
-1.4165799221263664
-1.2235799086769106
-0.12264726197108913
-1.6620672273059625
-0.6220009667508893
-0.05132530005837276
-0.33677063856363615
0.44881822644717523
0.27390112545702655
0.5067629246695528
-0.29291479919270247
0.019123256711929593
-0.6645892001018003
0.01213769538551631
1.0333273218925447
0.9064211081269942
-0.75961542712002
0.6702192927732123
-0.8695367549419863
0.5710292851866315
0.8264489973302666
0.9186041043258641
-0.4494027535903615
0.5294895733398863
0.6209625171545108
0.2195285449613772
-0.8121853094412016
-0.10991062915852323
0.16397939587281668
0.7701065708097845
0.8381696902664886
-0.1825670725502126
0.032290227207419496
-0.7436854429876423
-0.21580490246476597
0.7291985487457727
-0.42079293037311266
0.7246831661796375
0.7346076910233501
-0.7380643499883942
0.27539260011581074
0.733548600411213
-0.5570722756011802
-0.7039050203992396
0.20454286768805696
0.11814791143981718
-0.04289443045241222
-0.6433697807569041
-0.03386878191690815
0.7808162908860621
0.11871230319680635
-0.02196599590903662
0.6524827871751359
-0.07222145781225787
0.8999463247317984
0.5708800962165487
0.4283642321883197
0.7818597060897375
-0.24284386123233304
0.39674699281929154
0.9723066302957172
0.07240951366025501
-0.6596057399253588
-0.02084730997658237
0.28096547324021987
-0.036226371591203815
-0.3970928446667269
-0.7615988626037203
-0.6335743060251287
-0.6203043299436078
0.3759339737749472
0.5935776436672865
0.265139540803658
0.46046919473857767
0.6507619986291812
0.3750610996353947
-0.8121654431876848
0.6207937433789185
0.7862187646850229
0.6710851587327213
-0.010953600522307635
0.4903008452445908
1.0874750025180109
1.081864856401646
0.4538045094583564
0.7760478247998365
0.017529711112841014
0.6063641945097227
